5626.1267
5755.6406
5104.5158
5008.1493
5460.1799
5256.1748
5372.6570
5314.0680
4945.3100
5364.4080
5626.1267
5755.6406
5104.5158
5008.1493
5460.1799
5256.1748
5372.6570
5314.0680
4945.3100
5364.4080
5626.1267
5755.6406
5104.5158
5008.1493
5460.1799
5256.1748
5372.6570
5314.0680
4945.3100
5364.4080
5626.1267
5755.6406
5104.5158
5008.1493
5460.1799
5256.1748
5372.6570
5314.0680
4945.3100
5364.4080
5626.1267
5755.6406
5104.5158
5008.1493
5460.1799
5256.1748
5372.6570
5314.0680
4945.3100
5364.4080
