5530.0701
5587.6307
5325.5774
5294.5394
5808.1361
5768.5511
5821.4419
5523.3217
5453.2248
5230.5033
5530.0701
5587.6307
5325.5774
5294.5394
5808.1361
5768.5511
5821.4419
5523.3217
5453.2248
5230.5033
5530.0701
5587.6307
5325.5774
5294.5394
5808.1361
5768.5511
5821.4419
5523.3217
5453.2248
5230.5033
5530.0701
5587.6307
5325.5774
5294.5394
5808.1361
5768.5511
5821.4419
5523.3217
5453.2248
5230.5033
5530.0701
5587.6307
5325.5774
5294.5394
5808.1361
5768.5511
5821.4419
5523.3217
5453.2248
5230.5033
