5636.1836
5716.3756
5196.7076
5337.8989
5374.2549
5978.2854
5496.1692
5383.7598
4980.4433
5671.4429
5636.1836
5716.3756
5196.7076
5337.8989
5374.2549
5978.2854
5496.1692
5383.7598
4980.4433
5671.4429
5636.1836
5716.3756
5196.7076
5337.8989
5374.2549
5978.2854
5496.1692
5383.7598
4980.4433
5671.4429
5636.1836
5716.3756
5196.7076
5337.8989
5374.2549
5978.2854
5496.1692
5383.7598
4980.4433
5671.4429
5636.1836
5716.3756
5196.7076
5337.8989
5374.2549
5978.2854
5496.1692
5383.7598
4980.4433
5671.4429
