5151.6744
5291.5635
5318.3376
5050.3557
5410.2591
5447.1802
5576.0281
5380.1269
4303.4340
5330.7387
5151.6744
5291.5635
5318.3376
5050.3557
5410.2591
5447.1802
5576.0281
5380.1269
4303.4340
5330.7387
5151.6744
5291.5635
5318.3376
5050.3557
5410.2591
5447.1802
5576.0281
5380.1269
4303.4340
5330.7387
5151.6744
5291.5635
5318.3376
5050.3557
5410.2591
5447.1802
5576.0281
5380.1269
4303.4340
5330.7387
5151.6744
5291.5635
5318.3376
5050.3557
5410.2591
5447.1802
5576.0281
5380.1269
4303.4340
5330.7387
