5402.1396
5827.7083
5473.3304
5411.8212
5746.3358
5670.5678
5518.3047
5280.5009
5401.0569
5457.4087
5402.1396
5827.7083
5473.3304
5411.8212
5746.3358
5670.5678
5518.3047
5280.5009
5401.0569
5457.4087
5402.1396
5827.7083
5473.3304
5411.8212
5746.3358
5670.5678
5518.3047
5280.5009
5401.0569
5457.4087
5402.1396
5827.7083
5473.3304
5411.8212
5746.3358
5670.5678
5518.3047
5280.5009
5401.0569
5457.4087
5402.1396
5827.7083
5473.3304
5411.8212
5746.3358
5670.5678
5518.3047
5280.5009
5401.0569
5457.4087
