5240.2356
5542.3871
5144.7849
5100.0162
5251.9507
5225.3871
5339.7956
5135.3880
5209.8322
5200.7462
5240.2356
5542.3871
5144.7849
5100.0162
5251.9507
5225.3871
5339.7956
5135.3880
5209.8322
5200.7462
5240.2356
5542.3871
5144.7849
5100.0162
5251.9507
5225.3871
5339.7956
5135.3880
5209.8322
5200.7462
5240.2356
5542.3871
5144.7849
5100.0162
5251.9507
5225.3871
5339.7956
5135.3880
5209.8322
5200.7462
5240.2356
5542.3871
5144.7849
5100.0162
5251.9507
5225.3871
5339.7956
5135.3880
5209.8322
5200.7462
