5315.2976
5562.8201
5333.6918
5193.1731
5397.3622
4874.1948
5533.7048
5148.3716
5160.6757
5544.8333
5315.2976
5562.8201
5333.6918
5193.1731
5397.3622
4874.1948
5533.7048
5148.3716
5160.6757
5544.8333
5315.2976
5562.8201
5333.6918
5193.1731
5397.3622
4874.1948
5533.7048
5148.3716
5160.6757
5544.8333
5315.2976
5562.8201
5333.6918
5193.1731
5397.3622
4874.1948
5533.7048
5148.3716
5160.6757
5544.8333
5315.2976
5562.8201
5333.6918
5193.1731
5397.3622
4874.1948
5533.7048
5148.3716
5160.6757
5544.8333
