5230.3560
5656.7803
5384.3068
5196.5362
5535.8137
5675.8919
5503.4317
5289.6424
5308.6775
5538.7067
5230.3560
5656.7803
5384.3068
5196.5362
5535.8137
5675.8919
5503.4317
5289.6424
5308.6775
5538.7067
5230.3560
5656.7803
5384.3068
5196.5362
5535.8137
5675.8919
5503.4317
5289.6424
5308.6775
5538.7067
5230.3560
5656.7803
5384.3068
5196.5362
5535.8137
5675.8919
5503.4317
5289.6424
5308.6775
5538.7067
5230.3560
5656.7803
5384.3068
5196.5362
5535.8137
5675.8919
5503.4317
5289.6424
5308.6775
5538.7067
