3653.7775
4124.7622
3779.5733
3722.0547
3585.8750
3867.0163
3773.9728
3863.0109
3749.3280
3677.8711
3653.7775
4124.7622
3779.5733
3722.0547
3585.8750
3867.0163
3773.9728
3863.0109
3749.3280
3677.8711
3653.7775
4124.7622
3779.5733
3722.0547
3585.8750
3867.0163
3773.9728
3863.0109
3749.3280
3677.8711
3653.7775
4124.7622
3779.5733
3722.0547
3585.8750
3867.0163
3773.9728
3863.0109
3749.3280
3677.8711
3653.7775
4124.7622
3779.5733
3722.0547
3585.8750
3867.0163
3773.9728
3863.0109
3749.3280
3677.8711
3653.7775
4124.7622
3779.5733
3722.0547
3585.8750
3867.0163
3773.9728
3863.0109
3749.3280
3677.8711
3653.7775
4124.7622
3779.5733
3722.0547
3585.8750
3867.0163
3773.9728
3863.0109
3749.3280
3677.8711
