3307.1356
3627.8104
3314.5433
3383.4203
3522.5293
3346.4252
3475.8321
3489.2247
3195.5527
3306.3349
3307.1356
3627.8104
3314.5433
3383.4203
3522.5293
3346.4252
3475.8321
3489.2247
3195.5527
3306.3349
3307.1356
3627.8104
3314.5433
3383.4203
3522.5293
3346.4252
3475.8321
3489.2247
3195.5527
3306.3349
3307.1356
3627.8104
3314.5433
3383.4203
3522.5293
3346.4252
3475.8321
3489.2247
3195.5527
3306.3349
3307.1356
3627.8104
3314.5433
3383.4203
3522.5293
3346.4252
3475.8321
3489.2247
3195.5527
3306.3349
3307.1356
3627.8104
3314.5433
3383.4203
3522.5293
3346.4252
3475.8321
3489.2247
3195.5527
3306.3349
3307.1356
3627.8104
3314.5433
3383.4203
3522.5293
3346.4252
3475.8321
3489.2247
3195.5527
3306.3349
