1414.8263
1495.9205
1464.9570
1411.0061
1422.2393
1473.3141
1432.7001
1426.8428
1462.3074
1410.7297
1414.8263
1495.9205
1464.9570
1411.0061
1422.2393
1473.3141
1432.7001
1426.8428
1462.3074
1410.7297
1414.8263
1495.9205
1464.9570
1411.0061
1422.2393
1473.3141
1432.7001
1426.8428
1462.3074
1410.7297
1414.8263
1495.9205
1464.9570
1411.0061
1422.2393
1473.3141
1432.7001
1426.8428
1462.3074
1410.7297
1414.8263
1495.9205
1464.9570
1411.0061
1422.2393
1473.3141
1432.7001
1426.8428
1462.3074
1410.7297
1414.8263
1495.9205
1464.9570
1411.0061
1422.2393
1473.3141
1432.7001
1426.8428
1462.3074
1410.7297
1414.8263
1495.9205
1464.9570
1411.0061
1422.2393
1473.3141
1432.7001
1426.8428
1462.3074
1410.7297
