4062.3732
4294.7804
3868.6721
3699.2946
4156.6199
4160.4725
4065.1988
4308.6377
3889.4155
4062.4763
4062.3732
4294.7804
3868.6721
3699.2946
4156.6199
4160.4725
4065.1988
4308.6377
3889.4155
4062.4763
4062.3732
4294.7804
3868.6721
3699.2946
4156.6199
4160.4725
4065.1988
4308.6377
3889.4155
4062.4763
4062.3732
4294.7804
3868.6721
3699.2946
4156.6199
4160.4725
4065.1988
4308.6377
3889.4155
4062.4763
4062.3732
4294.7804
3868.6721
3699.2946
4156.6199
4160.4725
4065.1988
4308.6377
3889.4155
4062.4763
4062.3732
4294.7804
3868.6721
3699.2946
4156.6199
4160.4725
4065.1988
4308.6377
3889.4155
4062.4763
4062.3732
4294.7804
3868.6721
3699.2946
4156.6199
4160.4725
4065.1988
4308.6377
3889.4155
4062.4763
