2668.4487
2775.9834
2701.3226
2662.8851
2643.2500
2695.4673
2646.4084
2658.1135
2715.6421
2601.8320
2668.4487
2775.9834
2701.3226
2662.8851
2643.2500
2695.4673
2646.4084
2658.1135
2715.6421
2601.8320
2668.4487
2775.9834
2701.3226
2662.8851
2643.2500
2695.4673
2646.4084
2658.1135
2715.6421
2601.8320
2668.4487
2775.9834
2701.3226
2662.8851
2643.2500
2695.4673
2646.4084
2658.1135
2715.6421
2601.8320
2668.4487
2775.9834
2701.3226
2662.8851
2643.2500
2695.4673
2646.4084
2658.1135
2715.6421
2601.8320
2668.4487
2775.9834
2701.3226
2662.8851
2643.2500
2695.4673
2646.4084
2658.1135
2715.6421
2601.8320
2668.4487
2775.9834
2701.3226
2662.8851
2643.2500
2695.4673
2646.4084
2658.1135
2715.6421
2601.8320
