1128.4946
1116.1331
1103.3709
1070.1302
1118.9454
1147.7713
1122.0218
1102.4006
1112.5207
1128.4946
1116.1331
1103.3709
1070.1302
1118.9454
1147.7713
1122.0218
1102.4006
1112.5207
1134.2276
1128.4946
1116.1331
1103.3709
1070.1302
1118.9454
1147.7713
1122.0218
1102.4006
1112.5207
1134.2276
1128.4946
1116.1331
1103.3709
1070.1302
1118.9454
1147.7713
1122.0218
1102.4006
1112.5207
1134.2276
1128.4946
1116.1331
1103.3709
1070.1302
1118.9454
1147.7713
1122.0218
1102.4006
1112.5207
1134.2276
1128.4946
1116.1331
1103.3709
1070.1302
1118.9454
1147.7713
1122.0218
1102.4006
1112.5207
