4537.4008
4163.3946
4137.9060
4006.3175
3955.1791
4838.5378
4271.6827
4257.7461
3784.8221
4292.7160
4537.4008
4163.3946
4137.9060
4006.3175
3955.1791
4838.5378
4271.6827
4257.7461
3784.8221
4292.7160
4537.4008
4163.3946
4137.9060
4006.3175
3955.1791
4838.5378
4271.6827
4257.7461
3784.8221
4292.7160
4537.4008
4163.3946
4137.9060
4006.3175
3955.1791
4838.5378
4271.6827
4257.7461
3784.8221
4292.7160
4537.4008
4163.3946
4137.9060
4006.3175
3955.1791
4838.5378
4271.6827
4257.7461
3784.8221
4292.7160
4537.4008
4163.3946
4137.9060
4006.3175
3955.1791
4838.5378
4271.6827
4257.7461
3784.8221
4292.7160
