3822.1187
4116.9234
3573.9562
3453.1759
3567.0068
4009.8097
3781.4296
3808.0652
3368.3937
3813.4212
3822.1187
4116.9234
3573.9562
3453.1759
3567.0068
4009.8097
3781.4296
3808.0652
3368.3937
3813.4212
3822.1187
4116.9234
3573.9562
3453.1759
3567.0068
4009.8097
3781.4296
3808.0652
3368.3937
3813.4212
3822.1187
4116.9234
3573.9562
3453.1759
3567.0068
4009.8097
3781.4296
3808.0652
3368.3937
3813.4212
3822.1187
4116.9234
3573.9562
3453.1759
3567.0068
4009.8097
3781.4296
3808.0652
3368.3937
3813.4212
3822.1187
4116.9234
3573.9562
3453.1759
3567.0068
4009.8097
3781.4296
3808.0652
3368.3937
3813.4212
