5120.3333
5151.9817
4428.2480
4718.2340
4269.1167
4854.1466
4744.0088
4502.9008
4279.5430
4829.8800
5120.3333
5151.9817
4428.2480
4718.2340
4269.1167
4854.1466
4744.0088
4502.9008
4279.5430
4829.8800
5120.3333
5151.9817
4428.2480
4718.2340
4269.1167
4854.1466
4744.0088
4502.9008
4279.5430
4829.8800
5120.3333
5151.9817
4428.2480
4718.2340
4269.1167
4854.1466
4744.0088
4502.9008
4279.5430
4829.8800
5120.3333
5151.9817
4428.2480
4718.2340
4269.1167
4854.1466
4744.0088
4502.9008
4279.5430
4829.8800
5120.3333
5151.9817
4428.2480
4718.2340
4269.1167
4854.1466
4744.0088
4502.9008
4279.5430
4829.8800
