2744.4048
2889.5259
2803.4085
2688.2063
2678.3333
2849.6896
2778.2571
2697.1495
2651.6909
2725.8654
2744.4048
2889.5259
2803.4085
2688.2063
2678.3333
2849.6896
2778.2571
2697.1495
2651.6909
2725.8654
2744.4048
2889.5259
2803.4085
2688.2063
2678.3333
2849.6896
2778.2571
2697.1495
2651.6909
2725.8654
2744.4048
2889.5259
2803.4085
2688.2063
2678.3333
2849.6896
2778.2571
2697.1495
2651.6909
2725.8654
2744.4048
2889.5259
2803.4085
2688.2063
2678.3333
2849.6896
2778.2571
2697.1495
2651.6909
2725.8654
2744.4048
2889.5259
2803.4085
2688.2063
2678.3333
2849.6896
2778.2571
2697.1495
2651.6909
2725.8654
