5437.8332
5225.6790
5342.1459
4888.6966
5110.7427
5201.2739
4829.6313
5022.2697
4755.0204
4983.8455
5437.8332
5225.6790
5342.1459
4888.6966
5110.7427
5201.2739
4829.6313
5022.2697
4755.0204
4983.8455
5437.8332
5225.6790
5342.1459
4888.6966
5110.7427
5201.2739
4829.6313
5022.2697
4755.0204
4983.8455
5437.8332
5225.6790
5342.1459
4888.6966
5110.7427
5201.2739
4829.6313
5022.2697
4755.0204
4983.8455
5437.8332
5225.6790
5342.1459
4888.6966
5110.7427
5201.2739
4829.6313
5022.2697
4755.0204
4983.8455
