5267.4895
5111.5120
5444.2736
4733.2542
4684.7327
4895.2959
4530.8357
4947.6902
4703.1237
4651.3273
5267.4895
5111.5120
5444.2736
4733.2542
4684.7327
4895.2959
4530.8357
4947.6902
4703.1237
4651.3273
5267.4895
5111.5120
5444.2736
4733.2542
4684.7327
4895.2959
4530.8357
4947.6902
4703.1237
4651.3273
5267.4895
5111.5120
5444.2736
4733.2542
4684.7327
4895.2959
4530.8357
4947.6902
4703.1237
4651.3273
5267.4895
5111.5120
5444.2736
4733.2542
4684.7327
4895.2959
4530.8357
4947.6902
4703.1237
4651.3273
