5129.6234
4997.8991
5260.3738
4472.1801
4944.0363
4820.3919
4550.3588
4578.1997
4598.8249
4499.3833
5129.6234
4997.8991
5260.3738
4472.1801
4944.0363
4820.3919
4550.3588
4578.1997
4598.8249
4499.3833
5129.6234
4997.8991
5260.3738
4472.1801
4944.0363
4820.3919
4550.3588
4578.1997
4598.8249
4499.3833
5129.6234
4997.8991
5260.3738
4472.1801
4944.0363
4820.3919
4550.3588
4578.1997
4598.8249
4499.3833
5129.6234
4997.8991
5260.3738
4472.1801
4944.0363
4820.3919
4550.3588
4578.1997
4598.8249
4499.3833
