3222.2510
3305.1699
3300.0377
3231.4763
3240.6074
3264.2986
3282.9008
3248.3064
3274.4226
3264.5840
3222.2510
3305.1699
3300.0377
3231.4763
3240.6074
3264.2986
3282.9008
3248.3064
3274.4226
3264.5840
3222.2510
3305.1699
3300.0377
3231.4763
3240.6074
3264.2986
3282.9008
3248.3064
3274.4226
3264.5840
3222.2510
3305.1699
3300.0377
3231.4763
3240.6074
3264.2986
3282.9008
3248.3064
3274.4226
3264.5840
3222.2510
3305.1699
3300.0377
3231.4763
3240.6074
3264.2986
3282.9008
3248.3064
3274.4226
3264.5840
