5166.9948
5367.3172
5542.8433
5045.7400
5067.0146
5343.9552
5149.8498
4994.6518
5085.5943
5076.0582
5166.9948
5367.3172
5542.8433
5045.7400
5067.0146
5343.9552
5149.8498
4994.6518
5085.5943
5076.0582
5166.9948
5367.3172
5542.8433
5045.7400
5067.0146
5343.9552
5149.8498
4994.6518
5085.5943
5076.0582
5166.9948
5367.3172
5542.8433
5045.7400
5067.0146
5343.9552
5149.8498
4994.6518
5085.5943
5076.0582
5166.9948
5367.3172
5542.8433
5045.7400
5067.0146
5343.9552
5149.8498
4994.6518
5085.5943
5076.0582
