4759.1820
5141.9342
4923.7419
4966.2169
4782.8961
5127.3753
5101.1746
4679.7538
5398.6099
4909.3445
4759.1820
5141.9342
4923.7419
4966.2169
4782.8961
5127.3753
5101.1746
4679.7538
5398.6099
4909.3445
4759.1820
5141.9342
4923.7419
4966.2169
4782.8961
5127.3753
5101.1746
4679.7538
5398.6099
4909.3445
4759.1820
5141.9342
4923.7419
4966.2169
4782.8961
5127.3753
5101.1746
4679.7538
5398.6099
4909.3445
4759.1820
5141.9342
4923.7419
4966.2169
4782.8961
5127.3753
5101.1746
4679.7538
5398.6099
4909.3445
