3350.9319
3401.8648
3343.7497
3320.5527
3245.7901
3287.6691
3306.5243
3218.1231
3320.1793
3336.4760
3350.9319
3401.8648
3343.7497
3320.5527
3245.7901
3287.6691
3306.5243
3218.1231
3320.1793
3336.4760
3350.9319
3401.8648
3343.7497
3320.5527
3245.7901
3287.6691
3306.5243
3218.1231
3320.1793
3336.4760
3350.9319
3401.8648
3343.7497
3320.5527
3245.7901
3287.6691
3306.5243
3218.1231
3320.1793
3336.4760
3350.9319
3401.8648
3343.7497
3320.5527
3245.7901
3287.6691
3306.5243
3218.1231
3320.1793
3336.4760
