4766.1712
5080.9724
5009.9484
4902.0570
4899.5065
4610.6791
5108.5293
5066.9033
4932.3326
4733.5867
4766.1712
5080.9724
5009.9484
4902.0570
4899.5065
4610.6791
5108.5293
5066.9033
4932.3326
4733.5867
4766.1712
5080.9724
5009.9484
4902.0570
4899.5065
4610.6791
5108.5293
5066.9033
4932.3326
4733.5867
4766.1712
5080.9724
5009.9484
4902.0570
4899.5065
4610.6791
5108.5293
5066.9033
4932.3326
4733.5867
4766.1712
5080.9724
5009.9484
4902.0570
4899.5065
4610.6791
5108.5293
5066.9033
4932.3326
4733.5867
