4901.4989
4969.8208
4963.7873
4771.5450
4739.1371
4785.3548
4678.6054
4650.9507
5001.9294
4689.0678
4901.4989
4969.8208
4963.7873
4771.5450
4739.1371
4785.3548
4678.6054
4650.9507
5001.9294
4689.0678
4901.4989
4969.8208
4963.7873
4771.5450
4739.1371
4785.3548
4678.6054
4650.9507
5001.9294
4689.0678
4901.4989
4969.8208
4963.7873
4771.5450
4739.1371
4785.3548
4678.6054
4650.9507
5001.9294
4689.0678
4901.4989
4969.8208
4963.7873
4771.5450
4739.1371
4785.3548
4678.6054
4650.9507
5001.9294
4689.0678
