5064.5880
5304.3920
5118.9486
5181.2514
5139.5436
4973.8945
5104.7554
4984.6071
4996.8626
5024.5923
5064.5880
5304.3920
5118.9486
5181.2514
5139.5436
4973.8945
5104.7554
4984.6071
4996.8626
5024.5923
5064.5880
5304.3920
5118.9486
5181.2514
5139.5436
4973.8945
5104.7554
4984.6071
4996.8626
5024.5923
5064.5880
5304.3920
5118.9486
5181.2514
5139.5436
4973.8945
5104.7554
4984.6071
4996.8626
5024.5923
5064.5880
5304.3920
5118.9486
5181.2514
5139.5436
4973.8945
5104.7554
4984.6071
4996.8626
5024.5923
