6443.9692
6347.7244
6532.9129
6365.7448
6357.7757
6406.7481
6333.2303
6114.5918
6184.8250
6360.0903
6443.9692
6347.7244
6532.9129
6365.7448
6357.7757
6406.7481
6333.2303
6114.5918
6184.8250
6360.0903
6443.9692
6347.7244
6532.9129
6365.7448
6357.7757
6406.7481
6333.2303
6114.5918
6184.8250
6360.0903
6443.9692
6347.7244
6532.9129
6365.7448
6357.7757
6406.7481
6333.2303
6114.5918
6184.8250
6360.0903
6443.9692
6347.7244
6532.9129
6365.7448
6357.7757
6406.7481
6333.2303
6114.5918
6184.8250
6360.0903
