6458.5864
6393.6449
6594.1556
6365.7448
6388.9541
6452.6673
6362.3750
6114.5918
6220.0696
6360.0903
6458.5864
6393.6449
6594.1556
6365.7448
6388.9541
6452.6673
6362.3750
6114.5918
6220.0696
6360.0903
6458.5864
6393.6449
6594.1556
6365.7448
6388.9541
6452.6673
6362.3750
6114.5918
6220.0696
6360.0903
6458.5864
6393.6449
6594.1556
6365.7448
6388.9541
6452.6673
6362.3750
6114.5918
6220.0696
6360.0903
6458.5864
6393.6449
6594.1556
6365.7448
6388.9541
6452.6673
6362.3750
6114.5918
6220.0696
6360.0903
