5511.0508
5388.2533
5633.9757
5532.8510
5455.7854
5491.2219
5461.8031
5278.3457
5295.4752
5551.1687
5511.0508
5388.2533
5633.9757
5532.8510
5455.7854
5491.2219
5461.8031
5278.3457
5295.4752
5551.1687
5511.0508
5388.2533
5633.9757
5532.8510
5455.7854
5491.2219
5461.8031
5278.3457
5295.4752
5551.1687
5511.0508
5388.2533
5633.9757
5532.8510
5455.7854
5491.2219
5461.8031
5278.3457
5295.4752
5551.1687
5511.0508
5388.2533
5633.9757
5532.8510
5455.7854
5491.2219
5461.8031
5278.3457
5295.4752
5551.1687
