2909.5062
2938.8557
2911.7057
2865.2096
2897.7112
2908.4495
2957.3663
2944.5327
2818.0929
2892.2881
2909.5062
2938.8557
2911.7057
2865.2096
2897.7112
2908.4495
2957.3663
2944.5327
2818.0929
2892.2881
2909.5062
2938.8557
2911.7057
2865.2096
2897.7112
2908.4495
2957.3663
2944.5327
2818.0929
2892.2881
2909.5062
2938.8557
2911.7057
2865.2096
2897.7112
2908.4495
2957.3663
2944.5327
2818.0929
2892.2881
2909.5062
2938.8557
2911.7057
2865.2096
2897.7112
2908.4495
2957.3663
2944.5327
2818.0929
2892.2881
