6285.7876
6162.3559
6303.4700
6206.8660
6197.6443
6228.1656
6141.9958
5984.9635
6048.0437
6214.0645
6285.7876
6162.3559
6303.4700
6206.8660
6197.6443
6228.1656
6141.9958
5984.9635
6048.0437
6214.0645
6285.7876
6162.3559
6303.4700
6206.8660
6197.6443
6228.1656
6141.9958
5984.9635
6048.0437
6214.0645
6285.7876
6162.3559
6303.4700
6206.8660
6197.6443
6228.1656
6141.9958
5984.9635
6048.0437
6214.0645
6285.7876
6162.3559
6303.4700
6206.8660
6197.6443
6228.1656
6141.9958
5984.9635
6048.0437
6214.0645
