2907.4814
2919.1106
2886.2273
2878.5428
2888.4257
2876.4383
2903.6402
2834.5858
2836.1354
2902.9087
2907.4814
2919.1106
2886.2273
2878.5428
2888.4257
2876.4383
2903.6402
2834.5858
2836.1354
2902.9087
2907.4814
2919.1106
2886.2273
2878.5428
2888.4257
2876.4383
2903.6402
2834.5858
2836.1354
2902.9087
2907.4814
2919.1106
2886.2273
2878.5428
2888.4257
2876.4383
2903.6402
2834.5858
2836.1354
2902.9087
2907.4814
2919.1106
2886.2273
2878.5428
2888.4257
2876.4383
2903.6402
2834.5858
2836.1354
2902.9087
