5140.0015
5065.5799
4991.5165
5114.0476
5081.0819
5080.3501
5003.7231
5012.1852
4969.5111
5193.0634
5140.0015
5065.5799
4991.5165
5114.0476
5081.0819
5080.3501
5003.7231
5012.1852
4969.5111
5193.0634
5140.0015
5065.5799
4991.5165
5114.0476
5081.0819
5080.3501
5003.7231
5012.1852
4969.5111
5193.0634
5140.0015
5065.5799
4991.5165
5114.0476
5081.0819
5080.3501
5003.7231
5012.1852
4969.5111
5193.0634
5140.0015
5065.5799
4991.5165
5114.0476
5081.0819
5080.3501
5003.7231
5012.1852
4969.5111
5193.0634
