5095.3407
5053.1061
4991.5165
5055.9766
5081.0819
5080.3501
5003.7231
5012.1852
4969.5111
5177.7547
5095.3407
5053.1061
4991.5165
5055.9766
5081.0819
5080.3501
5003.7231
5012.1852
4969.5111
5177.7547
5095.3407
5053.1061
4991.5165
5055.9766
5081.0819
5080.3501
5003.7231
5012.1852
4969.5111
5177.7547
5095.3407
5053.1061
4991.5165
5055.9766
5081.0819
5080.3501
5003.7231
5012.1852
4969.5111
5177.7547
5095.3407
5053.1061
4991.5165
5055.9766
5081.0819
5080.3501
5003.7231
5012.1852
4969.5111
5177.7547
