4818.2242
4807.7568
4836.9643
4806.4652
4779.5190
4820.5850
4784.6788
4770.0905
4737.4035
4939.1876
4818.2242
4807.7568
4836.9643
4806.4652
4779.5190
4820.5850
4784.6788
4770.0905
4737.4035
4939.1876
4818.2242
4807.7568
4836.9643
4806.4652
4779.5190
4820.5850
4784.6788
4770.0905
4737.4035
4939.1876
4818.2242
4807.7568
4836.9643
4806.4652
4779.5190
4820.5850
4784.6788
4770.0905
4737.4035
4939.1876
4818.2242
4807.7568
4836.9643
4806.4652
4779.5190
4820.5850
4784.6788
4770.0905
4737.4035
4939.1876
